50 50 0
88 71 23
98 79 31
9 83 20
6 80 21
6 60 5
86 50 22
71 34 14
66 26 43
79 89 13
68 13 11
44 9 26
27 86 11
2 49 19
82 20 39
5 98 26
83 12 35
84 23 26
78 76 17
85 1 28
0 98 39
58 86 36
99 17 20
55 32 40
96 77 10
78 53 28
42 26 44
97 99 27
0 23 11
26 10 32
22 12 11
76 27 49
33 29 23
65 32 29
48 59 14
86 32 4
18 55 23
62 62 24
88 24 13
2 56 14
89 62 47
92 55 34
77 64 39
77 22 19
78 62 49
20 2 4
26 20 12
7 14 9
75 8 20
80 47 15
7 16 32
33 21 14 49
10 94 98 33
37 92 51 4
69 57 84 10
16 27 87 11
34 21 91 3
41 98 23 3
59 70 24 3
83 28 64 6
98 33 71 3
6 19 23 13
62 52 8 32
67 81 11 48
51 24 2 41
16 16 14 17
59 44 71 8
78 80 93 50
89 56 7 50
17 27 48 47
83 11 76 1
57 99 63 14
73 22 40 3
76 38 4 31
91 30 54 17
19 78 74 1
53 82 60 3
75 38 68 12
39 73 41 44
47 77 91 18
31 13 54 29
80 63 5 1
96 23 7 27
49 98 51 39
37 0 14 12
93 27 98 13
49 66 58 36
59 64 36 36
71 91 44 49
31 6 87 1
83 41 59 26
79 99 41 35
97 36 9 6
38 7 75 33
9 63 47 35
46 40 58 10
70 73 9 7
73 5 40 10
63 19 96 31
53 75 21 44
56 19 55 14